SacreBLEU_EN: 0.246873
SacreBLEU_VI: 0.357783
SacreBLEU_AVG: 0.302328
