SacreBLEU_EN: 0.189176
SacreBLEU_VI: 0.335587
SacreBLEU_AVG: 0.262382
