SacreBLEU_EN: 0.118655
SacreBLEU_VI: 0.430159
SacreBLEU_AVG: 0.274407
