SacreBLEU_EN: 0.203371
SacreBLEU_VI: 0.335918
SacreBLEU_AVG: 0.269645
