SacreBLEU_EN: 0.115844
SacreBLEU_VI: 0.165234
SacreBLEU_AVG: 0.140539
