SacreBLEU_EN: 0.228409
SacreBLEU_VI: 0.361425
SacreBLEU_AVG: 0.294917
