SacreBLEU_EN: 0.250414
SacreBLEU_VI: 0.359763
SacreBLEU_AVG: 0.305089
